11111111111111111111111111111111111111111111111111111
10000000000000000000000000100000000000000000000000001
10000000000000000000000000100000000000000000000000001
10000000000000700000010000100001000000700000000000001
10000000000000000000010000000001000000000000000000001
10000000011111111111110000000001111111111111000000001
10000000000000000000010000000001000000000000000000001
10000000000000000000010000000001000000000000000000001
10000000000000000000010000000001000000000000000000001
12211111100000000000011110001111000000000000111111331
10000000100000000000016666666661000000000000100000001
10000000100000001111116666666661111110000000100000001
10000000100000000000016666666661000000000000100000001
10000000100000000000006661116660000000000000100000001
10000400100000000000006661116660000000000000100500001
10000000100000000000006661116660000000000000100000001
10000000100000000000016666666661000000000000100000001
10000000100000001111116666666661111110000000100000001
10000000100000000000016666666661000000000000100000001
12211111100000000000011110001111000000000000111111331
10000000000000000000000010001000000000000000000000001
10000000000000000000000010001000000000000000000000001
10000000000000000000070010001007000000000000000000001
10000000000000000000000010001000000000000000000000001
10000000000111111111111110001111111111111100000000001
10000000000000000000000000000000000000000000000000001
10000000000000000000000000000000000000000000000000001
10000000000000000000000000000000000000000000000000001
11111111111111111111111111111111111111111111111111111
