11111111111111111111111111111111111111111
10000020000000000000000000000000000000001
10000020000000000000700000000000000010701
10040010000000000011111000000000000000001
10000010000000000000000000000000001080101
10000010000000000000000000000000000000001
12211111111100000000000000000000000010001
10000010000000001000000010000000000000001
10000010700000001000000010000000000000001
10000010000000001000000010000000000000001
10000010000001111110001111110000000000001
10000010000000000666666600000000000000001
10000000000000000666666600000000000000001
10000000000000000666666600000000000000001
10000000000001111666966611110000000000001
10000000000000000666666600000000000000001
10000000000000000666666600000000000000001
10000000000000000666666600000000001000001
10000000000001111110001111110000001000001
10000000000000001000000010000000001000001
10000000000000001000000010000000701000001
10000000000000001000000010000000001000001
1000100000000000 000000000000111111111331
10000000000000000000000000000000001000001
10108010000000000000000000000000001000001
10000000000000000011111000000000001005001
10701000000000000000700000000000003000001
10000000000000000000000000000000003000001
11111111111111111111111111111111111111111
